function [fires] = createFires()
    fires.intensity = [1 1 2 2 3 3 4 4 5 5];
    fires.locX = [0 0 5 5 10 10 15 15 20 20];
    fires.locY = [5 10 5 10 5 10 5 10 5 10];
end
